DateTime,Entries,UniqueIPs
1527499322,167100,185739
1527500521,167100,185738
1527501121,167101,185739
1527501722,167103,185742
1527502922,167104,185743
1527503522,167105,185744
1527504122,167107,185746
1527505322,167114,185753
1527506521,167125,185765
1527507122,167135,185775
1527507722,167140,185780
1527508322,167142,185783
1527508921,167144,185786
1527512522,167143,185785
1527513122,167145,185787
1527513721,167151,185793
1527514322,167163,185805
1527514922,167164,185806
1527515522,167166,185808
1527516121,167178,185822
1527516722,167179,185823
1527517322,167179,185821
1527518522,167181,185823
1527519122,167182,185824
1527519722,167219,185861
1527520922,167250,185894
1527522121,167251,185897
1527523322,167253,185899
1527523922,167272,185918
1527524521,167278,185924
1527525122,167284,185930
1527525721,167301,185947
1527526322,167308,185954
1527526921,167313,185959
1527527521,167316,185962
1527528122,167327,185974
1527529322,167340,185987
1527530521,167352,186000
1527531722,167359,186008
1527532921,167361,186010
1527534122,167366,186016
1527534721,167379,186029
1527535322,167383,186033
1527536522,167391,186041
1527537122,167401,186051
1527537721,167403,186053
1527538922,167405,186055
1527539522,167409,186059
1527540121,167412,186062
1527541321,167415,186065
1527541921,167419,186069
1527542521,167420,186070
1527543121,167426,186077
1527543722,167427,186079
1527544922,167429,186081
1527545522,167431,186083
1527546121,167440,186092
1527546721,167444,186096
1527547321,167450,186102
1527547922,167451,186103
1527549721,167453,186105
1527550322,167454,186106
1527550921,167456,186109
1527551522,167461,186115
1527552121,167464,186118
1527552721,167466,186120
1527554522,167469,186126
1527555722,167470,186127
1527556322,167475,186132
1527556922,167480,186138
1527558122,167482,186140
1527559323,167484,186143
1527559921,167499,186158
1527560521,167505,186164
1527561121,167511,186171
1527561722,167512,186172
1527562922,167513,186173
1527564121,167525,186187
1527565321,167528,186190
1527566522,167531,186193
1527568922,167541,186203
1527569521,167542,186204
1527570122,167544,186206
1527570723,167545,186207
1527571322,167550,186212
1527572521,167549,186211
1527573122,167550,186212
1527573722,167551,186214
1527576121,167560,186224
1527577322,167565,186229
1527578522,167566,186230
1527579721,167569,186233
1527580922,167569,186234
1527581522,167571,186236
1527582122,167581,186246
1527583322,167581,186247
1527585721,167582,186248
1527588121,167582,186248
1527591722,167583,186250
1527592922,167584,186252
1527593581,167582,186250
1527594121,167586,186257
1527596522,167587,186258
1527597122,167588,186259
1527597721,167589,186260
1527601322,167601,186273
1527602521,167601,186274
1527603721,167602,186275
1527604322,167603,186276
1527604922,167604,186277
1527606121,167605,186278
1527607322,167612,186286
1527609122,167614,186290
1527609722,167618,186301
1527610922,167619,186302
1527611581,167625,186309
1527613323,167634,186318
1527614521,167637,186322
1527615122,167640,186325
1527615722,167643,186331
1527616321,167644,186332
1527618121,167648,186336
1527620522,167649,186337
1527621722,167651,186338
1527622921,167652,186340
1527624121,167653,186342
1527625322,167657,186346
1527625922,167657,186346
1527626522,167667,186356
1527627122,167668,186357
1527627722,167670,186359
1527628322,167681,186372
1527628922,167682,186373
1527630121,167703,186395
1527631322,167703,186395
1527631921,167704,186396
1527632522,167705,186397
1527633121,167712,186404
1527633721,167715,186407
1527634921,167716,186408
1527635521,167719,186411
1527637321,167720,186413
1527638522,167721,186414
1527639723,167731,186424
1527640921,167739,186432
1527642121,167741,186434
1527643322,167743,186436
1527644523,167746,186440
1527645721,167747,186440
1527646921,167749,186442
1527650522,167753,186446
1527652921,167761,186454
1527654122,167762,186455
1527655321,167764,186458
1527655922,167766,186460
1527656521,167768,186462
1527658322,167773,186467
1527658922,167778,186472
1527659521,167785,186479
1527660122,167786,186480
1527660721,167791,186485
1527661323,167793,186487
1527661922,167799,186493
1527662522,167800,186494
1527664921,167817,186511
1527665522,167819,186512
1527667322,167821,186515
1527667921,167824,186519
1527668521,167825,186520
1527669122,167836,186533
1527669722,167837,186534
1527670921,167841,186538
1527672121,167848,186545
1527672721,167852,186549
1527673322,167853,186550
1527674521,167855,186552
1527675721,167860,186557
1527678122,167862,186559
1527680521,167860,186556
1527681122,167862,186558
1527681722,167863,186559
1527682331,167914,186608
1527682922,167917,186611
1527684122,167918,186611
1527685921,167919,186612
1527687721,167919,186612
1527688922,167918,186610
1527690122,167914,186606
1527692522,167921,186614
1527693123,167924,186617
1527693722,167925,186619
1527694321,167924,186620
1527694922,167920,186615
1527696121,167938,186635
1527697322,167944,186643
1527697981,167942,186641
1527698522,167950,186650
1527699721,167945,186644
1527700321,167942,186638
1527700922,167941,186637
1527702121,167941,186634
1527704523,167944,186637
1527705721,167953,186646
1527706321,167947,186640
1527706921,167954,186647
1527707521,167954,186647
1527708121,167951,186644
1527709322,167938,186630
1527710521,167933,186625
1527711722,167933,186625
1527714121,167953,186645
1527715322,167955,186647
1527715981,167953,186645
1527716522,167957,186649
1527717721,167969,186661
1527718321,167970,186662
1527718922,167972,186662
1527719522,167970,186660
1527720121,167975,186667
1527721322,167976,186668
1527722522,167978,186670
1527723122,167977,186669
1527726122,167979,186671
1527726721,167978,186670
1527727322,167977,186669
1527728522,167976,186668
1527729722,167981,186673
1527730322,167975,186666
1527730921,167978,186669
1527732122,167982,186673
1527733322,167982,186673
1527733922,167986,186678
1527735121,167991,186686
1527735721,167989,186684
1527736921,167994,186689
1527737522,167992,186687
1527738721,167996,186691
1527739922,167993,186688
1527740522,167992,186687
1527741122,167993,186687
1527741722,167994,186688
1527742922,168011,186705
1527743521,168018,186712
1527744121,168010,186701
1527744722,168008,186699
1527745322,168007,186697
1527746522,168006,186696
1527747722,168013,186703
1527748381,168015,186705
1527748921,168014,186704
1527749522,168014,186704
1527750122,168016,186706
1527750721,168022,186713
1527751321,168022,186712
1527751921,168021,186711
1527752521,168024,186714
1527753721,168012,186701
1527754322,168017,186707
1527754921,168028,186718
1527756121,168027,186717
1527756721,168029,186719
1527757322,168020,186710
1527757921,168022,186712
1527759122,168014,186704
1527759722,168014,186704
1527760922,168014,186703
1527762121,168013,186702
1527763322,168008,186696
1527763922,168011,186699
1527764522,168013,186701
1527765721,168013,186700
1527766921,168013,186701
1527768122,168017,186705
1527768722,168012,186700
1527769322,167987,186674
1527769922,167992,186680
1527770521,167998,186687
1527771122,167995,186684
1527772321,167994,186683
1527772922,167995,186684
1527773522,167993,186682
1527774122,167993,186682
1527775322,167990,186679
1527775921,168000,186691
1527776522,168053,186749
1527777722,168023,186721
1527778321,168065,186775
1527778922,168070,186781
1527779522,168101,186823
1527780121,168132,186861
1527780721,168126,186855
1527781322,168153,186889
1527782521,168154,186890
1527783722,168164,186902
1527784922,168173,186915
1527785522,168207,186955
1527786121,168214,186966
1527786721,168217,186971
1527787322,168225,186982
1527787922,168223,186987
1527787981,168222,186986
1527788522,168240,187009
1527789721,168287,187059
1527790321,168307,187084
1527790921,168329,187115
1527791522,168337,187128
1527792121,168369,187165
1527792721,168370,187166
1527793321,168381,187188
1527793922,168382,187189
1527794522,168427,187248
1527795122,168431,187256
1527795721,168462,187305
1527796322,168496,187352
1527796921,168523,187389
1527798122,168526,187392
1527799322,168535,187403
1527800521,168549,187421
1527801122,168562,187434
1527801722,168574,187451
1527802921,168587,187469
1527803522,168584,187466
1527804121,168600,187490
1527804721,168602,187492
1527805322,168582,187477
1527805981,168591,187494
1527806521,168612,187515
1527807122,168668,187576
1527807721,168694,187609
1527809581,168735,187656
1527810121,168773,187696
1527810721,168775,187698
1527811322,168796,187730
1527811922,168808,187746
1527812522,168853,187798
1527813122,168910,187861
1527813721,168960,187922
1527814922,168982,187950
1527815522,169003,187979
1527816122,169005,187981
1527817321,169036,188017
1527817921,169046,188027
1527818522,169047,188028
1527819122,169075,188066
1527819721,169086,188085
1527820922,169096,188098
1527821522,169103,188107
1527822121,169135,188144
1527822722,169160,188178
1527823322,169169,188190
1527824521,169201,188230
1527825122,169224,188260
1527825721,169263,188309
1527826921,169298,188353
1527827522,169305,188367
1527828122,169322,188389
1527828722,169334,188402
1527829323,169360,188449
1527830522,169362,188456
1527831181,169396,188494
1527831721,169396,188493
1527832322,169414,188521
1527832921,169432,188544
1527833522,169445,188562
1527834122,169450,188570
1527834721,169456,188579
1527835322,169469,188599
1527836522,169477,188612
1527837122,169485,188621
1527837722,169506,188652
1527838322,169520,188677
1527838921,169521,188678
1527839522,169523,188683
1527840122,169536,188702
1527840722,169568,188740
1527841322,169578,188751
1527841921,169590,188770
1527842523,169603,188785
1527843386,208351,228935
1527843721,208373,228963
1527844921,208381,228972
1527845522,208393,228987
1527846121,208409,229005
1527846722,208416,229012
1527847321,208422,229018
1527847921,208435,229031
1527848521,208439,229035
1527849721,208470,229079
1527850321,208478,229090
1527850922,208515,229133
1527852121,208541,229162
1527853321,208543,229164
1527854521,208571,229200
1527855122,208598,229237
1527855722,208615,229258
1527856321,208621,229267
1527856921,208624,229273
1527858122,208637,229289
1527858722,208648,229303
1527859322,208651,229306
1527859981,208655,229312
1527860521,208664,229324
1527861121,208674,229336
1527861722,208696,229368
1527862321,208698,229370
1527862922,208713,229389
1527863521,208721,229413
1527864122,208726,229418
1527865322,208745,229440
1527866521,208748,229451
1527867721,208766,229476
1527868322,208771,229483
1527868921,208793,229509
1527869522,208799,229522
1527870122,208803,229532
1527871322,208807,229537
1527872521,208811,229542
1527873123,208816,229558
1527873722,208825,229568
1527874322,208825,229576
1527874921,208839,229594
1527875522,208844,229603
1527876122,208847,229611
1527877321,208853,229619
1527877922,208857,229631
1527878522,208876,229654
1527879721,208883,229666
1527880321,208890,229677
1527880922,208896,229683
1527882121,208902,229696
1527883322,208903,229701
1527883921,208909,229708
1527884521,208910,229709
1527885181,208918,229724
1527885721,208924,229737
1527886922,208934,229752
1527888121,208939,229760
1527889322,208949,229765
1527890521,208963,229793
1527891722,208967,229797
1527892321,208971,229806
1527894122,208976,229811
1527894722,208985,229823
1527895321,209000,229842
1527896521,208999,229848
1527897722,209008,229857
1527898922,209019,229873
1527899521,209028,229884
1527900122,209052,229914
1527900721,209067,229934
1527901322,209087,229962
1527902521,209122,229997
1527903722,209170,230048
1527904322,209181,230061
1527904921,209192,230073
1527905522,209198,230084
1527906122,209205,230091
1527906721,209206,230092
1527907321,209212,230101
1527907922,209234,230126
1527908521,209260,230163
1527909122,209265,230168
1527909721,209285,230189
1527910322,209288,230195
1527912121,209296,230205
1527923521,209368,230294
1527929525,209432,230375
1527932431,209497,230466
1527934598,209527,230503
1527939181,209592,230591
1527945122,209665,230689
1527951722,209729,230784
1527961322,209802,230883
1527982321,210043,231205
1527991922,210134,231318
1527994352,210155,231340
1527995521,210168,231356
1528002722,210235,231442
1528003981,210240,231448
1528005121,210243,231451
1528005721,210255,231466
1528006322,210272,231488
1528006922,210282,231500
1528007582,210289,231508
1528008122,210304,231528
1528008722,210306,231531
1528009321,210317,231542
1528010521,210322,231548
1528011722,210327,231555
1528012921,210352,231585
1528013522,210356,231590
1528014122,210364,231599
1528014723,210374,231609
1528015321,210376,231612
1528016522,210390,231629
1528017722,210394,231633
1528018322,210396,231639
1528018921,210397,231640
1528020122,210415,231662
1528021322,210417,231664
