DateTime,Entries,UniqueIPs
1440342613,3,458752
1440604847,3,458752
1442526967,3,458752
1453116758,3,458752
1453203875,3,458752
1453290982,3,458752
1453378134,3,458752
1453465242,3,458752
1453552338,3,458752
1453639452,3,458752
1453726571,3,458752
1527289221,3,458752
1527289221,3,458752
1527289221,3,458752
1527289221,3,458752
1527289221,3,458752
1527289221,3,458752
1527289221,3,458752
1527289221,3,458752
1527289221,3,458752
1527289221,3,458752
1527289221,3,458752
1527289221,3,458752
1527289221,3,458752
1527289221,3,458752
1527289221,3,458752
1527289221,3,458752
1527289221,3,458752
1527289221,3,458752
1527289221,3,458752
1527289221,3,458752
1527289221,3,458752
1527289221,3,458752
1527289221,3,458752
1527289221,3,458752
1527289221,3,458752
1527289221,3,458752
1527289221,3,458752
1527289221,3,458752
1527289221,3,458752
1527289221,3,458752
1527289221,3,458752
1527289221,3,458752
1527289221,3,458752
1527289221,3,458752
1527289221,3,458752
1527289221,3,458752
1527289221,3,458752
1527289221,3,458752
1527289221,3,458752
1527289221,3,458752
1527289221,3,458752
1527289221,3,458752
1527289221,3,458752
1527289221,3,458752
1527289221,3,458752
1527289221,3,458752
1527289221,3,458752
1527289221,3,458752
1527289221,3,458752
1527289221,3,458752
1527375699,3,458752
1527375699,3,458752
1527375699,3,458752
1527375699,3,458752
1527375699,3,458752
1527375699,3,458752
1527375699,3,458752
1527375699,3,458752
1527375699,3,458752
1527375699,3,458752
1527375699,3,458752
1527375699,3,458752
1527375699,3,458752
1527375699,3,458752
1527375699,3,458752
1527375699,3,458752
1527375699,3,458752
1527896952,3,458752
1527896952,3,458752
1527896952,3,458752
1527896952,3,458752
1527896952,3,458752
1527896952,3,458752
1527896952,3,458752
1527896952,3,458752
1527896952,3,458752
1527896952,3,458752
1527896952,3,458752
1527896952,3,458752
1527896952,3,458752
1527896952,3,458752
1527896952,3,458752
1527896952,3,458752
1527896952,3,458752
1527896952,3,458752
1527896952,3,458752
1527896952,3,458752
1527896952,3,458752
1527896952,3,458752
1527896952,3,458752
1527896952,3,458752
1527896952,3,458752
1527896952,3,458752
1527896952,3,458752
1527896952,3,458752
1527896952,3,458752
1527896952,3,458752
1527896952,3,458752
1527896952,3,458752
1527896952,3,458752
1527896952,3,458752
1527896952,3,458752
1527896952,3,458752
1527896952,3,458752
1527896952,3,458752
1527896952,3,458752
1527896952,3,458752
1527896952,3,458752
1527896952,3,458752
1527896952,3,458752
1527896952,3,458752
1527983513,3,458752
1527983513,3,458752
1527983513,3,458752
1527983513,3,458752
1527983513,3,458752
1527983513,3,458752
1527983513,3,458752
1527983513,3,458752
1527983513,3,458752
1527983513,3,458752
1527983513,3,458752
1527983513,3,458752
1527983513,3,458752
1527983513,3,458752
